2
1
7
48
14
0
6
96
64
4
66
78
63
8
5
79
16
47
54
27
6
9
49
41
93
92
86
7
691
94
22
44
33
56
38
65
37
3
28
802
76
307
810
427
40
88
97
15
36
786
839
62
697
0
19
72
105
73
155
187
77
30
10
45
34
310
90
8
17
6
24
68
87
451
0
248
143
189
6
60
11
55
271
402
664
870
52
725
214
219
57
46
4
546
53
73
325
645
636
500
267
12
243
6638
570
669
367
135
39
258
848
602
95
70
215
811
579
27
63
886
635
999
75
42
91
4
26
470
701
997
419
59
69
186
543
81
557
9
82
50
99
846
80
6
25
85
800
918
29
937
233
950
6
35
144
684
8
341
13
3
58
939
887
3
51
571
955
944
730
28
729
319
6425
479
98
309
365
378
19
75
926
308
303
37
2
67
868
396
161
892
803
32
979
869
126
523
96
399
366
722
618
84
963
205
491
3
780
348
611
432
442
263
129
452
556
74
138
460
975
612
6
375
438
542
751
253
558
363
917
991
282
392
928
9560
805
43
1000
972
842
4
203
3778
61
1334
334
79
2
388
693
54
467
638
461
617
468
5
935
329
304
414
31
165
901
132
175
9198
949
218
9
241
422
2
650
9931
4259
9
141
646
94
962
9285
855
817
628
940
863
223
91
152
7250
837
20
34
125
297
30
245
856
998
2664
379
552
331
202
7
4712
0
234
550
71
599
676
46
18
554
89
516
405
289
3918
584
8
706
7
23
3
157
622
647
818
2091
412
883
67
929
923
8
590
190
372
908
615
514
771
4
445
8100
861
657
2
3483
740
981
1728
83
355
447
5764
130
5
652
455
596
8
790
721
431
323
73
9
2
683
564
40
789
409
5452
315
2288
183
836
299
292
720
220
37
474
420
79
51
63
443
692
29
9019
947
517
410
353
971
8
397
867
50
951
291
466
347
6
772
413
758
822
171
673
30
2594
123
547
476
148
377
6043
607
5790
144
537
5039
2
45
167
3
327
606
421
254
823
8520
2059
6
575
9774
559
505
2609
8
439
7
391
21
257
272
865
762
3926
3355
429
321
7435
53
117
989
4552
595
5
193
81
230
995
110
326
404
5110
3622
668
3
170
343
168
572
0
1626
841
726
613
567
131
8
986
594
482
890
787
1
7483
235
216
7516
688
358
488
815
813
122
620
423
919
3285
2
988
0
381
709
512
4925
769
834
